image: src/ros_multi_tb3/maps/map.pgm
resolution: 0.050000
origin: [-23.375000, -19.050000, 0.000000]
negate: 0
occupied_thresh: 0.65
free_thresh: 0.196

